[[ 444.  965.]
 [ 430. 1028.]
 [ 404. 1125.]
 [ 422. 1031.]
 [ 440.  979.]
 [ 514.  693.]
 [ 513.  694.]
 [ 768.  760.]
 [ 354. 1242.]
 [ 514.  694.]
 [ 513.  693.]
 [ 327. 1375.]
 [ 515.  694.]
 [ 514.  692.]
 [ 371. 1162.]
 [ 514.  695.]
 [ 509.  689.]
 [ 393. 1136.]
 [ 514.  693.]
 [ 508.  715.]]

[[ 514.  753.]
 [ 520.  706.]
 [ 421. 1029.]
 [ 520.  706.]
 [ 406. 1148.]
 [ 520.  706.]
 [ 329. 1375.]
 [ 520.  707.]
 [ 520.  706.]
 [ 329. 1342.]
 [ 520.  706.]
 [ 520.  707.]
 [ 520.  707.]
 [ 410. 1148.]
 [ 519.  705.]
 [ 520.  707.]
 [ 396. 1227.]
 [ 521.  709.]
 [ 521.  722.]
 [ 516.  716.]]

[[ 456.  791.]
 [ 441.  891.]
 [ 503.  674.]
 [ 506.  673.]
 [ 495.  645.]
 [ 505.  673.]
 [ 811. 1373.]
 [ 402. 1073.]
 [ 394. 1083.]
 [ 339. 1186.]]

[[ 440.  966.]
 [ 482.  790.]
 [ 526.  686.]
 [ 527.  687.]
 [ 536.  688.]
 [ 527.  687.]
 [ 438. 1026.]
 [ 399. 1129.]
 [ 527.  686.]
 [ 527.  687.]
 [ 527.  687.]
 [ 527.  687.]
 [ 527.  687.]
 [ 385. 1258.]
 [ 527.  687.]
 [ 527.  686.]
 [ 527.  686.]
 [ 527.  684.]
 [ 530.  692.]
 [ 530.  683.]]

[[ 492.  679.]
 [ 155. 1321.]
 [ 375. 1054.]
 [ 928. 1276.]
 [ 390. 1077.]
 [ 498.  685.]
 [ 500.  686.]
 [ 500.  685.]
 [ 500.  684.]
 [ 500.  686.]
 [ 499.  685.]
 [ 500.  686.]
 [ 498.  685.]
 [ 374. 1155.]
 [ 497.  683.]
 [ 499.  684.]
 [ 336. 1242.]
 [ 500.  682.]
 [ 496.  687.]]

[[ 613. 1098.]
 [ 494.  724.]
 [ 512.  699.]
 [  72. 1375.]
 [ 507.  698.]
 [ 504.  694.]
 [ 507.  699.]
 [ 507.  699.]
 [ 507.  698.]
 [ 507.  699.]
 [ 507.  699.]
 [ 507.  698.]
 [ 508.  699.]
 [ 392. 1132.]
 [ 512.  695.]
 [ 507.  699.]
 [ 504.  695.]
 [ 507.  696.]
 [ 518.  710.]
 [ 509.  707.]]

[[ 613. 1098.]
 [ 494.  724.]
 [ 512.  699.]
 [  72. 1375.]
 [ 507.  698.]
 [ 504.  694.]
 [ 507.  699.]
 [ 507.  699.]
 [ 507.  698.]
 [ 507.  699.]
 [ 507.  699.]
 [ 507.  698.]
 [ 508.  699.]
 [ 392. 1132.]
 [ 512.  695.]
 [ 507.  699.]
 [ 504.  695.]
 [ 507.  696.]
 [ 518.  710.]
 [ 509.  707.]]

[[ 613. 1098.]
 [ 494.  724.]
 [ 512.  699.]
 [  72. 1375.]
 [ 507.  698.]
 [ 504.  694.]
 [ 507.  699.]
 [ 507.  699.]
 [ 507.  698.]
 [ 507.  699.]
 [ 507.  699.]
 [ 507.  698.]
 [ 508.  699.]
 [ 392. 1132.]
 [ 512.  695.]
 [ 507.  699.]
 [ 504.  695.]
 [ 507.  696.]
 [ 518.  710.]
 [ 509.  707.]]

[[ 515.  783.]
 [ 460.  916.]
 [ 468.  881.]
 [ 532.  681.]
 [ 432. 1015.]
 [ 529.  684.]
 [ 434. 1073.]
 [ 534.  681.]
 [ 527.  684.]
 [ 531.  682.]
 [ 416. 1097.]
 [ 532.  682.]
 [ 529.  685.]
 [ 529.  685.]
 [ 529.  685.]
 [ 529.  685.]]

[[ 250.  948.]
 [ 533.  698.]
 [ 705. 1006.]
 [ 507.  735.]
 [ 100. 1183.]
 [ 521.  694.]
 [ 520.  701.]
 [ 433. 1043.]
 [ 520.  701.]
 [ 332. 1375.]
 [ 520.  701.]
 [ 520.  699.]
 [ 378. 1170.]
 [ 520.  701.]
 [ 520.  701.]
 [ 521.  702.]
 [ 523.  699.]]
